7.30209e+09 -8.40476e+08 -1.39477e+09 1.47967e+09 2.92859e+09 1.65424e+09 5.31136e+08 1.57466e+09 7.69132e+08 -2.36323e+09 -1.92858e+09 -4.98437e+07 
-8.40476e+08 9.67394e+07 1.60538e+08 -1.70311e+08 -3.37083e+08 -1.90405e+08 -6.11341e+07 -1.81245e+08 -8.85277e+07 2.72009e+08 2.21981e+08 5.73704e+06 
-1.39477e+09 1.60538e+08 2.66413e+08 -2.8263e+08 -5.59387e+08 -3.15975e+08 -1.01452e+08 -3.00775e+08 -1.46911e+08 4.51398e+08 3.68376e+08 9.52058e+06 
1.47967e+09 -1.70311e+08 -2.8263e+08 2.99834e+08 5.93438e+08 3.35209e+08 1.07627e+08 3.19084e+08 1.55854e+08 -4.78876e+08 -3.908e+08 -1.01001e+07 
2.92859e+09 -3.37083e+08 -5.59387e+08 5.93438e+08 1.17454e+09 6.63453e+08 2.13018e+08 6.31537e+08 3.08469e+08 -9.478e+08 -7.73479e+08 -1.99904e+07 
1.65424e+09 -1.90405e+08 -3.15975e+08 3.35209e+08 6.63453e+08 3.74758e+08 1.20325e+08 3.5673e+08 1.74242e+08 -5.35375e+08 -4.36907e+08 -1.12918e+07 
5.31136e+08 -6.11341e+07 -1.01452e+08 1.07627e+08 2.13018e+08 1.20325e+08 3.86335e+07 1.14537e+08 5.59448e+07 -1.71895e+08 -1.4028e+08 -3.6255e+06 
1.57466e+09 -1.81245e+08 -3.00775e+08 3.19084e+08 6.31537e+08 3.5673e+08 1.14537e+08 3.39569e+08 1.6586e+08 -5.0962e+08 -4.1589e+08 -1.07486e+07 
7.69132e+08 -8.85277e+07 -1.46911e+08 1.55854e+08 3.08469e+08 1.74242e+08 5.59448e+07 1.6586e+08 8.1013e+07 -2.4892e+08 -2.03138e+08 -5.25005e+06 
-2.36323e+09 2.72009e+08 4.51398e+08 -4.78876e+08 -9.478e+08 -5.35375e+08 -1.71895e+08 -5.0962e+08 -2.4892e+08 7.64829e+08 6.2416e+08 1.61313e+07 
-1.92858e+09 2.21981e+08 3.68376e+08 -3.908e+08 -7.73479e+08 -4.36907e+08 -1.4028e+08 -4.1589e+08 -2.03138e+08 6.2416e+08 5.09363e+08 1.31644e+07 
-4.98437e+07 5.73704e+06 9.52058e+06 -1.01001e+07 -1.99904e+07 -1.12918e+07 -3.6255e+06 -1.07486e+07 -5.25005e+06 1.61313e+07 1.31644e+07 340230 
